image_width: 752
image_height: 480
camera_name: mv_26806796
camera_matrix:
  rows: 3
  cols: 3
  data: [406.952636, 0.000000, 366.184147, 0.000000, 405.671292, 244.705127, 0.000000, 0.000000, 1.000000]
distortion_model: plumb_bob
distortion_coefficients:
  rows: 1
  cols: 5
  data: [-0.270545, 0.063385, 0.001723, -0.000201, 0.000000]
rectification_matrix:
  rows: 3
  cols: 3
  data: [1.000000, 0.000000, 0.000000, 0.000000, 1.000000, 0.000000, 0.000000, 0.000000, 1.000000]
projection_matrix:
  rows: 3
  cols: 4
  data: [297.147644, 0.000000, 361.390538, 0.000000, 0.000000, 362.224182, 247.125708, 0.000000, 0.000000, 0.000000, 1.000000, 0.000000]
