image_width: 752
image_height: 480
camera_name: mv_26807384
camera_matrix:
  rows: 3
  cols: 3
  data: [419.600598, 0.000000, 375.6069, 0.000000, 418.3651, 260.472127, 0.000000, 0.000000, 1.000000]
distortion_model: plumb_bob
distortion_coefficients:
  rows: 1
  cols: 5
  data: [-0.272538, 0.061260, 0.000626, -0.000079, 0.000000]
rectification_matrix:
  rows: 3
  cols: 3
  data: [1.000000, 0.000000, 0.000000, 0.000000, 1.000000, 0.000000, 0.000000, 0.000000, 1.000000]
projection_matrix:
  rows: 3
  cols: 4
  data: [305.657471, 0.000000, 375.1512, 0.000000, 0.000000, 374.6763, 265.8861, 0.000000, 0.000000, 0.000000, 1.000000, 0.000000]
